[0, 2]
[0, 1]
[1, 2]
[3, 5]
[3, 4]
[4, 5]
[6, 8, 9, 60, 62]
[6, 7, 10, 56]
[7, 8, 54, 55, 63]
[9, 10]
[11, 13]
[11, 12, 15, 64, 67]
[12, 13, 14, 58]
[14, 15, 57, 59, 65]
[16, 18, 19, 21, 23, 25, 89, 92]
[16, 17, 20, 76, 78]
[17, 18, 86, 88]
[19, 20, 22, 79, 80]
[21, 22, 24]
[23, 24, 26, 28]
[25, 26, 27, 29, 93]
[27, 28, 30, 32]
[29, 30, 31, 33, 55, 96]
[31, 32, 34]
[33, 34, 54, 56]
[35, 37, 57, 58]
[35, 36, 38, 40, 59, 97]
[36, 37, 39]
[38, 39, 41, 43]
[40, 41, 42, 44, 94]
[42, 43, 45, 47]
[44, 45, 46, 48, 50, 53, 90, 95]
[46, 47, 49]
[48, 49, 51, 81, 82]
[50, 51, 52, 83, 85]
[52, 53, 87, 91]
[60, 61, 63, 68, 69, 92, 93, 96]
[61, 62, 71]
[64, 65, 66, 73, 74, 94, 95, 97]
[66, 67, 72]
[68, 70, 71, 80]
[69, 70, 76, 77, 79, 88, 89]
[72, 73, 75, 81]
[74, 75, 82, 83, 84, 90, 91]
[77, 78, 86]
[84, 85, 87]
[98, 100, 101]
[98, 99, 102, 104]
[99, 100]
[101, 102, 103, 105]
[103, 104, 106]
[105, 106]
[107, 109]
[107, 108, 110, 112]
[108, 109, 111]
[110, 111, 113, 114]
[112, 113, 115]
[114, 115]
[116, 118]
[116, 117]
[117, 118]
[119, 121]
[119, 120]
[120, 121]
[122, 124]
[122, 123, 126, 176, 179]
[123, 124, 125, 171]
[125, 126, 170, 172, 177]
[127, 129, 130, 180, 182]
[127, 128, 131, 175]
[128, 129, 173, 174, 183]
[130, 131]
[132, 134, 170, 171]
[132, 133, 135, 137, 172, 212]
[133, 134, 136]
[135, 136, 138, 140]
[137, 138, 139, 141, 208]
[139, 140, 142, 144]
[141, 142, 143, 145, 147, 150, 204, 209]
[143, 144, 146]
[145, 146, 148, 192, 193]
[147, 148, 149, 194, 196]
[149, 150, 202, 205]
[151, 153, 154, 156, 158, 160, 207, 210]
[151, 152, 155, 197, 199]
[152, 153, 203, 206]
[154, 155, 157, 200, 201]
[156, 157, 159]
[158, 159, 161, 163]
[160, 161, 162, 164, 211]
[162, 163, 165, 167]
[164, 165, 166, 168, 174, 213]
[166, 167, 169]
[168, 169, 173, 175]
[176, 177, 178, 185, 186, 208, 209, 212]
[178, 179, 184]
[180, 181, 183, 188, 189, 210, 211, 213]
[181, 182, 191]
[184, 185, 187, 192]
[186, 187, 193, 194, 195, 204, 205]
[188, 190, 191, 201]
[189, 190, 197, 198, 200, 206, 207]
[195, 196, 202]
[198, 199, 203]
[214, 216]
[214, 215, 217, 219]
[215, 216, 218]
[217, 218, 220, 221]
[219, 220, 222]
[221, 222]
[223, 225, 226]
[223, 224, 227, 229]
[224, 225]
[226, 227, 228, 230]
[228, 229, 231]
[230, 231]
[232, 234, 245, 266, 287]
[232, 233, 236, 258, 267, 268, 304]
[233, 234, 235, 243, 244, 250, 251, 280]
[235, 236, 253, 259, 260, 290]
[237, 239, 240, 265, 269, 270, 306]
[237, 238, 241, 246, 249, 254, 256, 283]
[238, 239, 255, 262, 263, 293]
[240, 241, 247, 271, 288]
[242, 244, 273, 274, 281, 328]
[242, 243, 245, 275, 286]
[246, 247, 248, 277, 289]
[248, 249, 276, 279, 285, 331]
[250, 252, 266, 267, 282]
[251, 252, 253, 268, 291]
[254, 255, 257, 270, 295]
[256, 257, 269, 271, 284]
[258, 259, 261, 296, 305]
[260, 261, 292, 297, 298, 338]
[262, 264, 265, 303, 307]
[263, 264, 294, 300, 301, 341]
[272, 274, 309, 310, 313, 314, 329, 388]
[272, 273, 275, 311, 334, 335, 356]
[276, 277, 278, 326, 336, 337, 373]
[278, 279, 321, 322, 324, 325, 333, 390]
[280, 281, 282, 286, 287, 330, 334]
[283, 284, 285, 288, 289, 332, 336]
[290, 291, 292, 304, 305, 339, 352]
[293, 294, 295, 306, 307, 343, 354]
[296, 297, 299, 344, 352, 353]
[298, 299, 340, 345, 346, 392]
[300, 302, 303, 351, 354, 355]
[301, 302, 342, 348, 349, 395]
[308, 310, 315, 316]
[308, 309, 311, 371, 372, 373]
[312, 314, 381, 382, 389, 420]
[312, 313, 315, 317, 360, 362, 364, 383, 414]
[316, 317, 361]
[318, 320, 321, 323, 365, 367, 368, 385, 417]
[318, 319, 322, 327]
[319, 320, 370]
[323, 324, 384, 387, 391, 422]
[325, 326, 327, 356, 357, 358]
[328, 329, 330, 335, 357, 359, 362, 363]
[331, 332, 333, 337, 365, 366, 369, 372]
[338, 339, 340, 353, 393, 406]
[341, 342, 343, 355, 397, 408]
[344, 345, 347, 399, 400, 406, 407]
[346, 347, 394, 401]
[348, 350, 351, 402, 405, 408, 409]
[349, 350, 396, 403]
[358, 359, 360, 361]
[363, 364, 388, 389, 415]
[366, 367, 390, 391, 419]
[368, 369, 370, 371]
[374, 376, 413]
[374, 375, 412]
[375, 376]
[377, 379]
[377, 378, 411]
[378, 379, 410]
[380, 382, 421]
[380, 381, 383, 416]
[384, 385, 386, 418]
[386, 387, 423]
[392, 393, 394, 407, 424, 425, 430]
[395, 396, 397, 409, 427, 428, 432]
[398, 400, 430, 431]
[398, 399, 401, 425, 426]
[402, 403, 404, 427, 429]
[404, 405, 432, 433]
[410, 411]
[412, 413]
[414, 415, 416, 420, 421]
[417, 418, 419, 422, 423]
[424, 426, 431]
[428, 429, 433]
[434, 436, 437, 463, 468, 469, 506]
[434, 435, 438, 444, 447, 452, 454, 482]
[435, 436, 453, 460, 461, 492]
[437, 438, 445, 470, 488]
[439, 441, 451, 471, 491]
[439, 440, 443, 464, 472, 473, 508]
[440, 441, 442, 449, 450, 456, 457, 485]
[442, 443, 459, 465, 466, 495]
[444, 445, 446, 475, 489]
[446, 447, 474, 477, 484, 530]
[448, 450, 479, 480, 486, 533]
[448, 449, 451, 481, 490]
[452, 453, 455, 469, 494]
[454, 455, 468, 470, 483]
[456, 458, 471, 472, 487]
[457, 458, 459, 473, 496]
[460, 462, 463, 501, 507]
[461, 462, 493, 498, 499, 540]
[464, 465, 467, 502, 509]
[466, 467, 497, 503, 504, 543]
[474, 475, 476, 518, 536, 537, 566]
[476, 477, 513, 514, 516, 517, 532, 590]
[478, 480, 521, 522, 525, 526, 534, 592]
[478, 479, 481, 523, 538, 539, 567]
[482, 483, 484, 488, 489, 531, 536]
[485, 486, 487, 490, 491, 535, 538]
[492, 493, 494, 506, 507, 542, 554]
[495, 496, 497, 508, 509, 544, 556]
[498, 500, 501, 549, 554, 555]
[499, 500, 541, 546, 547, 594]
[502, 503, 505, 550, 556, 557]
[504, 505, 545, 551, 552, 597]
[510, 512, 513, 515, 558, 560, 561, 583, 616]
[510, 511, 514, 519]
[511, 512, 563]
[515, 516, 582, 585, 591, 622]
[517, 518, 519, 567, 568, 569]
[520, 522, 527, 528]
[520, 521, 523, 564, 565, 566]
[524, 526, 587, 588, 593, 624]
[524, 525, 527, 529, 571, 573, 575, 589, 619]
[528, 529, 572]
[530, 531, 532, 537, 558, 559, 562, 565]
[533, 534, 535, 539, 568, 570, 573, 574]
[540, 541, 542, 555, 596, 608]
[543, 544, 545, 557, 598, 610]
[546, 548, 549, 600, 603, 608, 609]
[547, 548, 595, 601]
[550, 551, 553, 605, 606, 610, 611]
[552, 553, 599, 607]
[559, 560, 590, 591, 618]
[561, 562, 563, 564]
[569, 570, 571, 572]
[574, 575, 592, 593, 620]
[576, 578]
[576, 577, 615]
[577, 578, 614]
[579, 581, 613]
[579, 580, 612]
[580, 581]
[582, 583, 584, 617]
[584, 585, 623]
[586, 588, 625]
[586, 587, 589, 621]
[594, 595, 596, 609, 626, 627, 632]
[597, 598, 599, 611, 629, 630, 634]
[600, 601, 602, 626, 628]
[602, 603, 632, 633]
[604, 606, 634, 635]
[604, 605, 607, 630, 631]
[612, 613]
[614, 615]
[616, 617, 618, 622, 623]
[619, 620, 621, 624, 625]
[627, 628, 633]
[629, 631, 635]
[636, 638]
[636, 637]
[637, 638]
[639, 641]
[639, 640]
[640, 641]
[642, 644, 645, 696, 698]
[642, 643, 646, 692]
[643, 644, 690, 691, 699]
[645, 646]
[647, 649]
[647, 648, 651, 700, 703]
[648, 649, 650, 694]
[650, 651, 693, 695, 701]
[652, 654, 655, 657, 659, 661, 725, 728]
[652, 653, 656, 712, 714]
[653, 654, 722, 724]
[655, 656, 658, 715, 716]
[657, 658, 660]
[659, 660, 662, 664]
[661, 662, 663, 665, 729]
[663, 664, 666, 668]
[665, 666, 667, 669, 691, 732]
[667, 668, 670]
[669, 670, 690, 692]
[671, 673, 693, 694]
[671, 672, 674, 676, 695, 733]
[672, 673, 675]
[674, 675, 677, 679]
[676, 677, 678, 680, 730]
[678, 679, 681, 683]
[680, 681, 682, 684, 686, 689, 726, 731]
[682, 683, 685]
[684, 685, 687, 717, 718]
[686, 687, 688, 719, 721]
[688, 689, 723, 727]
[696, 697, 699, 704, 705, 728, 729, 732]
[697, 698, 707]
[700, 701, 702, 709, 710, 730, 731, 733]
[702, 703, 708]
[704, 706, 707, 716]
[705, 706, 712, 713, 715, 724, 725]
[708, 709, 711, 717]
[710, 711, 718, 719, 720, 726, 727]
[713, 714, 722]
[720, 721, 723]
[734, 736, 737]
[734, 735, 738, 740]
[735, 736]
[737, 738, 739, 741]
[739, 740, 742]
[741, 742]
[743, 745]
[743, 744, 746, 748]
[744, 745, 747]
[746, 747, 749, 750]
[748, 749, 751]
[750, 751]
[752, 754]
[752, 753]
[753, 754]
[755, 757]
[755, 756]
[756, 757]
[758, 760]
[758, 759, 762, 812, 815]
[759, 760, 761, 807]
[761, 762, 806, 808, 813]
[763, 765, 766, 816, 818]
[763, 764, 767, 811]
[764, 765, 809, 810, 819]
[766, 767]
[768, 770, 806, 807]
[768, 769, 771, 773, 808, 848]
[769, 770, 772]
[771, 772, 774, 776]
[773, 774, 775, 777, 844]
[775, 776, 778, 780]
[777, 778, 779, 781, 783, 786, 840, 845]
[779, 780, 782]
[781, 782, 784, 828, 829]
[783, 784, 785, 830, 832]
[785, 786, 838, 841]
[787, 789, 790, 792, 794, 796, 843, 846]
[787, 788, 791, 833, 835]
[788, 789, 839, 842]
[790, 791, 793, 836, 837]
[792, 793, 795]
[794, 795, 797, 799]
[796, 797, 798, 800, 847]
[798, 799, 801, 803]
[800, 801, 802, 804, 810, 849]
[802, 803, 805]
[804, 805, 809, 811]
[812, 813, 814, 821, 822, 844, 845, 848]
[814, 815, 820]
[816, 817, 819, 824, 825, 846, 847, 849]
[817, 818, 827]
[820, 821, 823, 828]
[822, 823, 829, 830, 831, 840, 841]
[824, 826, 827, 837]
[825, 826, 833, 834, 836, 842, 843]
[831, 832, 838]
[834, 835, 839]
[850, 852]
[850, 851, 853, 855]
[851, 852, 854]
[853, 854, 856, 857]
[855, 856, 858]
[857, 858]
[859, 861, 862]
[859, 860, 863, 865]
[860, 861]
[862, 863, 864, 866]
[864, 865, 867]
[866, 867]
