[[0, 2]
 [0, 1]
 [1, 2]
 [3, 5]
 [3, 4]
 [4, 5]
 [9, 10, 61, 63]
 [6, 7, 9, 11, 57]
 [7, 8, 55, 56, 96]
 [10, 11]
 [12, 14, 15]
 [15, 16, 64, 67]
 [13, 14, 58, 59]
 [12, 13, 16, 60, 65]
 [22, 23, 24, 26, 92]
 [17, 18, 21, 76, 78]
 [18, 19, 22, 86, 88, 89]
 [20, 21, 79, 80]
 [17, 19, 20, 23, 25]
 [24, 25, 27, 28, 30, 35]
 [26, 27, 31, 93, 96]
 [32, 34, 35]
 [28, 29, 31, 56]
 [33, 34]
 [29, 30, 32, 33, 55, 57]
 [36, 38, 39, 59]
 [39, 40, 41, 43, 58, 60, 97]
 [37, 38]
 [36, 37, 40, 44]
 [41, 42, 45, 94]
 [42, 43, 44, 46, 48]
 [45, 46, 47, 49, 54, 95]
 [47, 48, 50]
 [49, 50, 51, 53, 81, 82, 83]
 [52, 53, 85]
 [51, 52, 54, 87, 91]
 [6, 8, 61, 62, 68, 69, 89, 92, 93]
 [62, 63, 71]
 [64, 65, 66, 75, 90, 91, 94, 95, 97]
 [66, 67, 72, 74]
 [68, 70, 71, 80]
 [69, 70, 76, 77, 79, 88]
 [72, 73, 81]
 [73, 74, 75, 82, 84]
 [77, 78, 86]
 [83, 84, 85, 87, 90]
 [101, 102, 104, 105]
 [98, 99]
 [99, 100, 104]
 [105, 106]
 [98, 100, 101, 103]
 [102, 103, 106]
 [107, 109]
 [107, 108, 113]
 [108, 109, 110, 112, 115]
 [114, 115]
 [110, 111, 113]
 [111, 112, 114]
 [116, 118]
 [116, 117]
 [117, 118]
 [119, 121]
 [119, 120]
 [120, 121]
 [122, 124, 179]
 [179, 180]
 [123, 124, 125, 172]
 [125, 126, 171, 173, 178, 212]
 [130, 131, 181, 183]
 [127, 128, 130, 132, 176]
 [128, 129, 175, 213]
 [131, 132]
 [133, 135, 136, 141, 171, 172]
 [138, 140, 141, 173]
 [134, 135]
 [133, 134, 137]
 [138, 139, 142, 208, 209, 212]
 [136, 137, 139, 140, 143, 145]
 [142, 143, 144, 149, 151, 204, 205]
 [144, 145, 146, 148]
 [147, 148, 185, 186, 194]
 [146, 147, 149, 150, 195, 196]
 [150, 151, 202]
 [152, 154, 155, 157, 162, 207]
 [152, 153, 156, 197, 199]
 [153, 154, 203, 206]
 [155, 156, 158, 200, 201]
 [157, 158, 159, 161]
 [160, 161, 164]
 [159, 160, 162, 163, 165, 174, 210, 211, 213]
 [163, 164, 166, 168]
 [165, 166, 167, 169]
 [167, 168, 170]
 [169, 170, 174, 175, 176]
 [177, 178, 187, 188, 194, 195, 208]
 [122, 123, 126, 177, 180, 184, 186]
 [127, 129, 181, 182, 193, 210]
 [182, 183, 190, 191]
 [184, 185]
 [187, 189, 204, 209]
 [190, 192, 201]
 [191, 192, 193, 197, 198, 200, 206, 207, 211]
 [188, 189, 196, 202, 205]
 [198, 199, 203]
 [214, 216, 220]
 [219, 220]
 [215, 216, 218]
 [217, 218, 221]
 [214, 215, 217, 219, 222]
 [221, 222]
 [223, 225, 226, 227]
 [223, 224, 229]
 [224, 225]
 [227, 228, 230]
 [226, 228, 229, 231]
 [230, 231]
 [244, 245, 268, 270, 290]
 [232, 233, 236, 244, 260]
 [233, 234, 235, 243, 254, 255]
 [235, 236, 261, 262, 293, 295, 340]
 [240, 241, 267, 275]
 [237, 238, 246, 249, 259, 286]
 [238, 239, 240, 257, 258, 264, 265, 296]
 [237, 239, 241, 247, 276, 291]
 [253, 254, 279, 284, 285]
 [232, 234, 242, 245, 278, 289]
 [246, 247, 248, 281, 282, 292]
 [248, 249, 283, 288, 333]
 [250, 252, 268, 269, 272]
 [251, 252, 271, 284]
 [256, 257, 274, 298]
 [256, 258, 259, 273, 275, 276, 287]
 [260, 261, 263, 269, 270, 299, 301, 307, 347]
 [262, 263, 302]
 [264, 266, 267, 273, 274, 303, 304, 308, 357, 359]
 [265, 266, 297, 306, 342, 344]
 [242, 243, 277, 279, 312, 316, 332, 394, 417]
 [277, 278, 310, 311, 336, 337, 360]
 [280, 282, 327, 338, 339, 375, 377]
 [280, 281, 283, 322, 323, 325, 326, 335, 395]
 [250, 251, 285, 289, 290, 329, 330, 332, 336, 392]
 [286, 287, 288, 291, 292, 334, 338]
 [253, 255, 271, 272, 293, 294, 307, 355]
 [296, 297, 298, 308, 345]
 [346, 347, 355, 356]
 [300, 301, 302, 340, 341, 348, 349, 397, 400, 421]
 [303, 305, 354]
 [304, 305, 306, 351, 352, 401]
 [309, 311, 312, 314, 315, 317]
 [309, 310, 376, 377]
 [313, 315, 316, 387]
 [313, 314, 318, 363, 364, 366, 367, 385, 386, 413]
 [317, 318, 365]
 [319, 321, 322, 324, 371, 372, 389, 415]
 [319, 320, 323, 328]
 [320, 321, 374]
 [324, 325, 388, 391, 396]
 [326, 327, 328, 360, 361, 362, 364]
 [330, 331, 337, 361, 366]
 [333, 334, 335, 339, 368, 369, 371, 373]
 [294, 295, 341, 356, 398, 410]
 [342, 343, 345, 358, 359]
 [299, 300, 346, 405, 410, 411]
 [348, 350, 404]
 [351, 353, 354, 357, 358, 406, 409, 412, 429]
 [352, 353, 402, 407]
 [362, 363, 365]
 [329, 331, 367, 393]
 [369, 370, 395, 396, 420]
 [372, 373, 374, 375, 376]
 [378, 380]
 [378, 379]
 [379, 380]
 [381, 383]
 [381, 382]
 [382, 383]
 [384, 386, 387, 417, 418]
 [384, 385, 414]
 [388, 389, 390, 416]
 [390, 391, 419, 420]
 [397, 398, 399, 411, 426]
 [343, 344, 401, 402, 412, 423, 424]
 [349, 350, 403, 405, 426, 427]
 [403, 404, 421, 422]
 [406, 407, 408, 423, 425]
 [408, 409, 428]
 []
 []
 [392, 393, 394, 413, 414, 418]
 [368, 370, 415, 416, 419]
 [399, 400, 422, 427]
 [424, 425, 428, 429]
 [433, 434, 460, 467]
 [440, 441, 443, 448, 450]
 [431, 432, 433, 441, 449, 457, 458]
 [430, 432, 434, 465, 466, 486]
 [445, 446, 447, 468, 469, 470]
 [435, 436, 439, 447, 461, 463, 504, 507]
 [436, 437, 438, 455, 456, 483]
 [438, 439, 464, 494]
 [430, 431, 440, 442, 472, 473, 474, 487, 516]
 [442, 443, 475, 480, 482]
 [435, 437, 444, 446, 477, 478, 484, 531, 532]
 [444, 445, 479, 488, 489, 537, 538]
 [448, 449, 451, 466, 467, 490, 492, 493, 506]
 [450, 451, 465, 481, 482]
 [452, 454, 455, 468, 485, 489]
 [453, 454, 469]
 [457, 459, 460, 500, 505, 506]
 [458, 459, 493, 496, 497, 499, 547]
 [501, 503, 504, 508]
 [462, 463, 464, 495, 546]
 [516, 517, 535, 536, 567]
 [474, 475, 509, 511, 513, 515, 528, 530, 589, 590]
 [476, 478, 521, 524, 525, 592]
 [476, 477, 479, 522, 568, 570, 572]
 [480, 481, 486, 487, 529, 530, 535]
 [483, 484, 485, 488, 534]
 [490, 491, 505, 540, 542, 554, 556, 597]
 [452, 453, 456, 470, 494, 495, 507, 508, 543, 545, 557]
 [499, 500, 549, 556]
 [491, 492, 497, 498, 594, 596]
 [501, 502, 550, 552, 557, 558]
 [461, 462, 502, 503, 553, 598, 600, 622]
 [512, 513, 514, 559, 561, 582, 583, 612]
 [471, 472, 509, 510]
 [510, 511, 512, 562, 563]
 [514, 515, 584, 617]
 [471, 473, 517, 571, 572]
 [518, 520, 526]
 [518, 519, 521, 522, 565, 566, 567]
 [523, 525, 588, 593, 619]
 [519, 520, 523, 524, 527, 538, 539, 569, 570, 574, 586, 587, 614]
 [526, 527, 573]
 [528, 529, 536, 559, 560, 562, 564, 566]
 [532, 533, 534, 537, 539]
 [540, 541, 555]
 [544, 545, 558, 610]
 [547, 548, 549, 554, 555, 601, 604, 609, 625]
 [496, 498, 548, 602]
 [550, 551, 606, 607, 610, 611]
 [551, 552, 553, 608]
 [560, 561, 589, 591]
 [563, 564, 565]
 [568, 569, 571, 573]
 [531, 533, 574, 592, 593, 615]
 [575, 577]
 [575, 576]
 [576, 577]
 [578, 580]
 [578, 579]
 [579, 580]
 [581, 583, 613]
 [581, 582, 584, 618]
 [585, 587, 588, 620]
 [585, 586, 616]
 [541, 542, 609, 621]
 [543, 544, 546, 598, 599, 611, 626]
 [595, 596, 601, 602, 603]
 [603, 604, 624]
 [605, 607, 626, 627]
 [605, 606, 608, 622, 623]
 []
 []
 [590, 591, 612, 613, 617, 618]
 [614, 615, 616, 619, 620]
 [594, 595, 597, 621, 624, 625]
 [599, 600, 623, 627]
 [628, 630]
 [628, 629]
 [629, 630]
 [631, 633]
 [631, 632]
 [632, 633]
 [634, 636, 637, 690, 692]
 [634, 635, 638, 683, 684, 686]
 [635, 636, 693]
 [637, 638]
 [639, 641]
 [639, 640, 696]
 [640, 641, 642, 643, 687, 688]
 [642, 644, 689, 695]
 [650, 651, 652, 654, 718]
 [645, 646, 705, 707, 708]
 [646, 647, 648, 650, 715, 717]
 [645, 647, 649, 709]
 [648, 649, 651, 653]
 [652, 653, 655, 657]
 [654, 655, 656, 658, 722, 723]
 [656, 657, 659, 660, 662]
 [658, 659, 663, 684, 685]
 [661, 662]
 [660, 661, 663, 683]
 [664, 666, 667, 688]
 [667, 668, 669, 671, 687, 689, 725]
 [665, 666]
 [664, 665, 668, 672]
 [669, 670, 673, 719, 721, 724]
 [670, 671, 672, 674, 676]
 [673, 674, 675, 680, 682]
 [675, 676, 677, 679]
 [678, 679, 712, 713]
 [677, 678, 680, 681, 714]
 [681, 682, 716, 720, 721]
 [685, 686, 690, 691, 693, 700, 722]
 [691, 692, 697, 698]
 [694, 695, 704, 724, 725]
 [643, 644, 694, 696, 701, 703]
 [697, 699, 708, 709]
 [698, 699, 700, 705, 706, 717, 718, 723]
 [701, 702, 710, 713]
 [702, 703, 704, 711, 719, 720]
 [706, 707, 715]
 [710, 711, 712, 714, 716]
 [726, 728, 729, 730]
 [726, 727, 732]
 [727, 728]
 [730, 731, 733]
 [729, 731, 732, 734]
 [733, 734]
 [735, 737, 741]
 [740, 741]
 [736, 737, 739]
 [738, 739, 742]
 [735, 736, 738, 740, 743]
 [742, 743]
 [744, 746]
 [744, 745]
 [745, 746]
 [747, 749]
 [747, 748]
 [748, 749]
 [750, 752, 753]
 [753, 754, 808]
 [751, 752, 798, 799]
 [750, 751, 754, 800, 805, 807]
 [755, 757, 758, 809, 811]
 [755, 756, 759, 804]
 [756, 757, 803, 812]
 [758, 759]
 [760, 762, 763, 799]
 [763, 764, 765, 767, 798, 800, 841]
 [761, 762]
 [760, 761, 764, 768, 770]
 [765, 766, 838, 839]
 [769, 770, 771, 773]
 [766, 767, 768, 769, 774, 778, 833]
 [772, 773]
 [771, 772, 774, 775, 777, 816, 817, 822]
 [776, 777, 823, 825]
 [775, 776, 778, 831, 834]
 [782, 783, 784, 786, 788]
 [779, 780, 819, 826, 828]
 [780, 781, 782, 832, 835, 837]
 [779, 781, 783, 785, 818, 830]
 [784, 785, 787]
 [786, 787, 789, 791]
 [788, 789, 790, 792, 793, 836, 837, 840]
 [790, 791, 795]
 [793, 794, 796, 802]
 [792, 794, 795, 797]
 [796, 797, 801, 803, 804]
 [806, 807, 814, 815, 816, 838, 841]
 [805, 806, 808, 813]
 [801, 802, 809, 810, 812, 818, 819, 820, 829, 840]
 [810, 811, 821]
 [813, 814, 822]
 [815, 817, 823, 824, 833, 834, 839]
 [820, 821, 830]
 [826, 827, 829, 835, 836]
 [824, 825, 831]
 [827, 828, 832]
 [842, 844]
 [842, 843, 848]
 [843, 844, 845, 847]
 [846, 847, 849]
 [845, 846, 848, 850]
 [849, 850]
 [854, 855]
 [851, 852, 857]
 [852, 853, 854]
 [851, 853, 855, 856, 858]
 [856, 857, 859]
 [858, 859]]
